# Created by Octave 3.2.4, Fri Nov 22 17:10:21 2013 PST <jon@jon-Precision-T3600>
# name: astar
# type: matrix
# rows: 1
# columns: 1000
 1.123861947239951 1.111450387891947 1.111372675581872 1.111295852372023 1.111219901357229 0.9815306951959023 0.9814557584707629 0.9813820711886627 0.9813096067668304 0.981238339291311 0.9811682434982911 0.9810995352970293 0.9810317093875167 0.9809649830935592 0.9808993335755788 0.980834738558516 0.9807711763161691 0.9807086256559897 0.9806470659043249 0.9805864768920933 0.9805268389408779 0.9804681328494294 0.9804103398805675 0.9803534417484652 0.9802974206063095 0.9802422590343234 0.980187940028142 0.9801344469875291 0.9800817637054284 0.9800298743573344 0.9799787634909757 0.9799284160163036 0.979878817195773 0.979829952634908 0.9797818082731451 0.9797343703749438 0.979687625521157 0.9796415606006532 0.9795961628021838 0.9795514196064857 0.9795073187786151 0.9794638483605032 0.9794209966637264 0.9793787522624869 0.9793371039867962 0.9792960409158538 0.979255552371617 0.9792156279125555 0.9791762573275843 0.979137430630171 0.9790991380526085 0.9790613700404566 0.9790241172471329 0.978987370528665 0.9789511209385861 0.9789153597229771 0.9788800783156465 0.9788452604680139 0.9788109132914866 0.9787770212589202 0.9787435765369558 0.9787105714285352 0.9786779983994554 0.9786458500730224 0.9786141192262373 0.9785827987861047 0.9785518818259541 0.9785213615619294 0.9784912313495322 0.9784614846802838 0.978432115178469 0.9784031165979676 0.9783744828191704 0.9783462078459819 0.9783182858029055 0.9782907109321975 0.9782634775911081 0.9782365802124228 0.9782100134488908 0.9781837719501105 0.9781578505070901 0.978132244013069 0.9781069474611604 0.9780819559420605 0.978057264641823 0.9780328688396723 0.9780087639058952 0.9779849452997746 0.9779614085675776 0.9779381493405939 0.9779151633332416 0.9778924463411929 0.9779037970674944 0.9778815920473753 0.9778596459423033 0.9778379529090555 0.9778165091510788 0.9777953109133629 0.977774354510776 0.9777536363261938 0.9777331528089982 0.9777129004736611 0.9776928758983272 0.9776730757234298 0.9776534966503805 0.9776341354402429 0.9776149889124705 0.9775960539436551 0.977577327466321 0.9775588064677465 0.9775404879888007 0.9775223691228292 0.9775044470145426 0.9774867188589434 0.977469181900309 0.977451833431115 0.9774346707910947 0.9774176913662201 0.9774008925877844 0.9773947497392078 0.9773783006426808 0.9773620260716054 0.9773459223328818 0.9773299870740269 0.9773142179791044 0.9772986127714239 0.9772831692127641 0.9772678851025974 0.9772527582773277 0.9772377866095714 0.9772229680074438 0.9772083004138273 0.9771937818057236 0.9771794101935681 0.9771651836205627 0.9771511001620667 0.9771371579249333 0.977123355046939 0.9771096896961456 0.9770961600703586 0.977082764396512 0.9770695009301448 0.9770563679548356 0.9770433637816694 0.9770304867487466 0.977017735220608 0.9770051075877842 0.976992602266317 0.9769802176972349 0.9769679523461019 0.976955804702606 0.9769437732800319 0.9769318566148761 0.9769200532664299 0.9769083618162936 0.976896780868016 0.9768853090467294 0.9768739449986305 0.9768626873907541 0.9771188017107236 0.9771077027013496 0.9770967071052777 0.9770858135733735 0.9770750208645317 0.9770643277563198 0.9770537330446477 0.9770432355434381 0.9770328340843091 0.9770225275162604 0.9770123147053664 0.9770021945344755 0.976992165902916 0.976982017111014 0.9769721608739689 0.9769623928448659 0.9769527120216001 0.9769431174660237 0.9769336080621179 0.9769241829175236 0.9769148409810493 0.9769055813122934 0.9768964029604872 0.9768873049884846 0.9768782864548341 0.9768693465019707 0.976860484179105 0.9768516986189569 0.9768429889490204 0.976834354309053 0.9768257938509403 0.9768173067383962 0.9768088921468432 0.9768005492632003 0.9767922772856609 0.9767840754235489 0.9767759428970999 0.9767678789373292 0.9767598827858036 0.9767519536944999 0.9767440909256317 0.9767362937514804 0.9767285614542427 0.9767208933258356 0.9767132886677908 0.9767057467910737 0.9766982670159089 0.9766908486717129 0.976683491096826 0.9766761936384873 0.9766689556526262 0.9766617765037473 0.9766546555647945 0.9766475922170171 0.9766405858498155 0.9766336358606796 0.9766267416549987 0.9766199026459379 0.9766131182543988 0.9766063879087589 0.9765997110449199 0.9765930871060756 0.9765865155425946 0.9765799958120417 0.9765735273788927 0.9765671097145679 0.9765607422972494 0.9765544246118103 0.976548156149684 0.9765419364088148 0.9765357648935082 0.9765296411143862 0.9765235645882586 0.9765175348379906 0.9765115513925272 0.9765056137866962 0.9764997215611794 0.9764938742623959 0.9764880714424117 0.976482312658904 0.9764765974750341 0.9764709254593679 0.9764652961858613 0.9764597092336318 0.9764541641871197 0.9764486606357252 0.9764431981740102 0.9764377764014118 0.9764323949223057 0.9764270533458757 0.9764217512860482 0.9764164883614449 0.9764112641953145 0.9764060784154333 0.9764009306541166 0.9763958205479794 0.9763907477381588 0.9763857118699641 0.9763807125930156 0.9581908312786299 0.9581854657262996 0.9581810950217994 0.9581767622500674 0.9581724670797235 0.9581682091761794 0.9581639882085062 0.9581598038492599 0.9581556557745555 0.9581515436639526 0.9581474672004139 0.9581434260702477 0.9581394199631993 0.9581354485721575 0.9581315115933006 0.9581276087259989 0.958123739672741 0.9581199041391159 0.9581161018338623 0.9581123324686039 0.9581085957580238 0.958104891419738 0.9581012191742544 0.9580975787449417 0.9580939698579851 0.958090392242405 0.9580868456299142 0.9580833297549813 0.9580798443547058 0.9580763891689221 0.9580729639399598 0.95806956841284 0.9580662023350632 0.9580628654566277 0.9580595575300875 0.9580562783103711 0.9580530275548503 0.9580498050232964 0.9580466104778612 0.9580434436829385 0.9580403044053134 0.9580371924139707 0.9580341074801976 0.9580310493774602 0.9580280178814323 0.9580250127699041 0.958022033822859 0.9580190808223692 0.9580161535525388 0.9580132517996153 0.9580103753518238 0.9580075239994 0.9580046975345722 0.9580018957515333 0.9579991184463836 0.9579963654172327 0.95799363646394 0.957990931388341 0.9579882499940819 0.9579855920866143 0.9579829574732269 0.9579803459629975 0.9579777573667542 0.9579751914970451 0.9579726481681444 0.9579701271960698 0.9579676283985213 0.957965151594782 0.9579626966058784 0.9579602632544018 0.9579578513646149 0.9579554607622918 0.957953091274833 0.9579507427311837 0.9579484149618224 0.9579461077987536 0.9579438210754916 0.9579415546270169 0.9579393082897826 0.9579370819017797 0.9579348753023125 0.9579326883321719 0.9579305208336397 0.9579283726502102 0.9579262436268743 0.9484344681407026 0.9484334191779016 0.9484323919535488 0.948431386158705 0.9484304016222479 0.9450846160996469 0.9475349625177796 0.941328071554731 0.9413287897422132 0.9413282257736419 0.9398394631085792 0.9398946118714772 0.9397702780765297 0.9398238954207703 0.9398114916658201 0.9265996777651069 0.9153967101767811 0.9153966223471031 0.9182105027491748 0.9164301967080668 0.9166767409280684 0.9166251907705276 0.9168651426364622 0.9155293341841347 0.9155355568278488 0.9154745108848928 0.9155674695851488 0.9149845277314833 0.6966862749485745 0.6966914223861305 0.6966966016140292 0.6967018014241788 0.6967070214634943 0.6967122614815376 0.6967175212299708 0.6967228004613271 0.6967280989289476 0.6946666148316801 0.6946719502344912 0.6964873653534883 0.6993993964281188 0.6962724563359918 0.6956477288045997 0.6956282404248226 0.6956300769100782 0.6959903597755666 0.6961685376103501 0.6963330744958525 0.6958903720624916 0.6962644969588437 0.6949682344630397 0.6949188557974421 0.6947843093750206 0.6948060804680868 0.6966959704203987 0.6950822500025033 0.6956394854940097 0.6951355491781206 0.6890727045019219 0.6950306669709341 0.6950586680061459 0.6949473083604762 0.6949722415805413 0.7215588653749136 0.7197889800466405 0.7211217470294613 0.7199245186130092 0.7198343527867963 0.7197109826616979 0.7196683662173867 0.7192124903027683 0.7191374611253577 0.719057384576823 