# Created by Octave 3.2.4, Fri Nov 22 17:10:21 2013 PST <jon@jon-Precision-T3600>
# name: cstar
# type: matrix
# rows: 1
# columns: 1000
 4.377886748822892 4.5757828337994 4.57804258757892 4.580278527041158 4.582491077176093 2.546646358513526e-11 2.548320190143546e-11 2.549968135582123e-11 2.551590691966156e-11 2.553188345615227e-11 2.554761572270876e-11 2.556374654628295e-11 2.557900455480762e-11 2.559403194812697e-11 2.560883308375596e-11 2.562341222477124e-11 2.563777354195393e-11 2.565192111588978e-11 2.56658589390273e-11 2.567959091769388e-11 2.569312087407005e-11 2.57064525481223e-11 2.571958959949479e-11 2.573253560936032e-11 2.574529408223104e-11 2.575786844772938e-11 2.57702620623197e-11 2.57824782110013e-11 2.579452010896302e-11 2.580639090320072e-11 2.581809367409729e-11 2.58296314369667e-11 2.58410071435622e-11 2.585222368354939e-11 2.586328388594504e-11 2.587419052052196e-11 2.58849462991809e-11 2.589555387728992e-11 2.590601585499197e-11 2.591633477848135e-11 2.592651314124969e-11 2.593655338530205e-11 2.594645790234381e-11 2.595622903493906e-11 2.596586907764106e-11 2.597538027809536e-11 2.598476483811619e-11 2.599402491473686e-11 2.600316262123468e-11 2.601218002813099e-11 2.602107916416675e-11 2.602986201725466e-11 2.603853053540787e-11 2.604708662764625e-11 2.605553216488045e-11 2.606386898077455e-11 2.607209887258758e-11 2.608022445334199e-11 2.608824579254956e-11 2.609616539414561e-11 2.610398491481084e-11 2.611170598190055e-11 2.611933019085594e-11 2.612685910606362e-11 2.61342942615398e-11 2.614163716160484e-11 2.614888928154176e-11 2.615605206823627e-11 2.616312694080491e-11 2.617011529120513e-11 2.617701848483189e-11 2.618383786109947e-11 2.619057473400993e-11 2.619723039270692e-11 2.620380610201624e-11 2.621030310297448e-11 2.621672261334363e-11 2.622306583194263e-11 2.622933392382692e-11 2.623552804373224e-11 2.624164932123351e-11 2.624769886502853e-11 2.625367776338381e-11 2.625958708457015e-11 2.626542787728586e-11 2.627120117107347e-11 2.627690797672356e-11 2.62825492866703e-11 2.628812607537805e-11 2.62936392997187e-11 2.629908989933836e-11 2.630447879701848e-11 2.640576878164599e-11 2.641105902474701e-11 2.641628978442665e-11 2.642146213638428e-11 2.642657692428247e-11 2.643163498010311e-11 2.643663712116152e-11 2.644158415044512e-11 2.644647685690795e-11 2.645131601575408e-11 2.6456102388717e-11 2.646083672433458e-11 2.646551975821228e-11 2.647015221328597e-11 2.647473480007503e-11 2.647926821693277e-11 2.648375315028841e-11 2.648819027488464e-11 2.649258025401088e-11 2.64969237397291e-11 2.65012213730975e-11 2.65054737843873e-11 2.650968159329194e-11 2.651384540914052e-11 2.651796583109447e-11 2.652204344835085e-11 2.652607884033276e-11 2.656037804963411e-11 2.656433597215335e-11 2.656825315462227e-11 2.657213028378069e-11 2.65759678932333e-11 2.65797665082679e-11 2.65835266456353e-11 2.658724881370926e-11 2.659093351264717e-11 2.659458123454662e-11 2.659819246359636e-11 2.660176767622486e-11 2.660530734124984e-11 2.660881192001694e-11 2.661228186654099e-11 2.661571762764468e-11 2.661911964308873e-11 2.662248834570717e-11 2.662582416153133e-11 2.662912750991948e-11 2.663239880367545e-11 2.663563844917382e-11 2.663884684647331e-11 2.664202438943483e-11 2.664517146583408e-11 2.664828845746856e-11 2.665137574027326e-11 2.665443368442089e-11 2.665746265442484e-11 2.666046300924588e-11 2.666343510239014e-11 2.66663792820012e-11 2.666929589096488e-11 2.667218526699667e-11 2.66750477427322e-11 2.667788364582458e-11 2.668069329902658e-11 2.668347702027305e-11 2.668623512277927e-11 2.668896791510599e-11 2.77124026452988e-11 2.771520115861034e-11 2.771797413949322e-11 2.772072189967516e-11 2.772344473804978e-11 2.772614294915741e-11 2.772881682325995e-11 2.773146664641421e-11 2.773409270054371e-11 2.773669526350934e-11 2.773927460917827e-11 2.774183100749178e-11 2.774436472453173e-11 2.77469005365545e-11 2.774939054434359e-11 2.775185866139663e-11 2.775430513486666e-11 2.775673020267211e-11 2.775913412168142e-11 2.776151712098334e-11 2.776387944647106e-11 2.776622132945626e-11 2.77685430007889e-11 2.777084468813614e-11 2.777312661806219e-11 2.777538900576795e-11 2.777763207579411e-11 2.777985604142551e-11 2.778206111504513e-11 2.778424750613641e-11 2.778641542132943e-11 2.778856506443099e-11 2.779069663648007e-11 2.779281033580442e-11 2.779490635803644e-11 2.779698489618378e-11 2.779904614065649e-11 2.78010902793076e-11 2.780311749747978e-11 2.780512797804349e-11 2.780712190142789e-11 2.780909944567234e-11 2.78110607864572e-11 2.781300609714047e-11 2.781493554879429e-11 2.781684931023884e-11 2.781874754808494e-11 2.782063042675594e-11 2.782249810853515e-11 2.782435075358985e-11 2.782618852000714e-11 2.782801156382188e-11 2.782982003905396e-11 2.783161409773556e-11 2.783339388994511e-11 2.783515956382926e-11 2.783691126564009e-11 2.783864913976268e-11 2.784037332873682e-11 2.784208397329625e-11 2.784378121238158e-11 2.784546518317859e-11 2.7847136021145e-11 2.784879386002152e-11 2.785043883187764e-11 2.785207106712041e-11 2.785369069452812e-11 2.785529784127055e-11 2.785689263293613e-11 2.785847519354973e-11 2.786004564560136e-11 2.786160411006293e-11 2.786315070641448e-11 2.786468555267037e-11 2.786620876538738e-11 2.786772045969877e-11 2.786922074932728e-11 2.787070974660928e-11 2.787218756251613e-11 2.787365430666773e-11 2.787511008735683e-11 2.787655501156848e-11 2.787798918499107e-11 2.787941271205243e-11 2.788082569590992e-11 2.788222823850209e-11 2.78836204405339e-11 2.788500240151882e-11 2.78863742197802e-11 2.788773599247496e-11 2.788908781560951e-11 2.789042978405345e-11 2.789176199155578e-11 2.78930845307642e-11 2.789439749323182e-11 2.789570096945284e-11 2.789699504884379e-11 2.789827981979233e-11 2.789955536964814e-11 3.192468595745591e-11 3.192615965984769e-11 3.192749497404138e-11 3.192881878371039e-11 3.193013118928959e-11 3.193143229108702e-11 3.193272218836254e-11 3.193400097934504e-11 3.193526876123373e-11 3.19365256302252e-11 3.193777168153786e-11 3.193900700941499e-11 3.194023170710641e-11 3.194144586695086e-11 3.19426495803145e-11 3.194384293765579e-11 3.194502602851436e-11 3.194619894153507e-11 3.194736176445877e-11 3.194851458417256e-11 3.194965748666363e-11 3.195079055710127e-11 3.195191387977503e-11 3.195302753816416e-11 3.195413161492665e-11 3.195522619189041e-11 3.195631135011448e-11 3.195738716983729e-11 3.195845373051972e-11 3.195951111085591e-11 3.196055938879949e-11 3.196159864152419e-11 3.19626289454772e-11 3.196365037637178e-11 3.196466300918811e-11 3.196566691820536e-11 3.196666217699266e-11 3.196764885841802e-11 3.196862703466991e-11 3.196959677725213e-11 3.197055815699718e-11 3.197151124407898e-11 3.197245610801024e-11 3.197339281766284e-11 3.197432144126583e-11 3.197524204642476e-11 3.197615470011126e-11 3.197705946868407e-11 3.197795641790335e-11 3.197884561290939e-11 3.197972711826167e-11 3.198060099793213e-11 3.198146731530512e-11 3.198232613319795e-11 3.198317751386164e-11 3.198402151897623e-11 3.198485820968677e-11 3.198568764657368e-11 3.198650988968505e-11 3.198732499853644e-11 3.198813303210957e-11 3.198893404886411e-11 3.19897281067442e-11 3.199051526318645e-11 3.199129557512236e-11 3.199206909897903e-11 3.19928358906903e-11 3.199359600571038e-11 3.199434949900241e-11 3.199509642505726e-11 3.199583683788657e-11 3.199657079104654e-11 3.19972983376222e-11 3.199801953024659e-11 3.199873442109889e-11 3.199944306191336e-11 3.200014550397986e-11 3.2000841798157e-11 3.200153199486832e-11 3.200221614409975e-11 3.200289429542982e-11 3.200356649801153e-11 3.200423280057225e-11 3.200489325145421e-11 3.200554789857687e-11 3.614590015120346e-11 3.614627171946281e-11 3.614663563524641e-11 3.614699198147845e-11 3.614734082023195e-11 3.681438580340757e-11 3.536114957487827e-11 3.744821858750408e-11 3.74482330391263e-11 3.744844140201381e-11 3.757540549059053e-11 3.755139065179515e-11 3.759671655658786e-11 3.757339456715224e-11 3.756923897052706e-11 4.095816718294786e-11 4.400848063085833e-11 