# Created by Octave 3.2.4, Fri Nov 22 17:10:21 2013 PST <jon@jon-Precision-T3600>
# name: ecomp
# type: matrix
# rows: 1000
# columns: 1
 0.01285303784842006
 0.01318681589270966
 0.01318570081304548
 0.01318641757841497
 0.01318894401922906
 -0.000463376070316029
 -0.0004602745287476636
 -0.0004572028518441873
 -0.0004541604792274259
 -0.0004511468654940609
 -0.0004481614797684692
 -0.0004454090758788942
 -0.0004424771907309317
 -0.0004395720356546526
 -0.0004366931334792163
 -0.000433840019537507
 -0.0004310122412977903
 -0.000428209358006963
 -0.0004254309403449864
 -0.0004226765700901262
 -0.0004199458397946156
 -0.0004172383524703985
 -0.0004145537212845983
 -0.0004118915692643947
 -0.0004092515290109831
 -0.0004066332424223188
 -0.0004040363604243524
 -0.000401460542710474
 -0.0003989054574888959
 -0.0003963707812377171
 -0.0003938561984674124
 -0.0003913614014905121
 -0.0003888860901982325
 -0.0003864299718438385
 -0.0003839927608325212
 -0.0003815741785175779
 -0.0003791739530027016
 -0.0003767918189501772
 -0.0003744275173948057
 -0.0003720807955633701
 -0.0003697514066994712
 -0.0003674391098935672
 -0.0003651436699180487
 -0.000362864857067201
 -0.0003606024470018923
 -0.0003583562205988517
 -0.000356125963804387
 -0.0003539114674924098
 -0.0003517125273266368
 -0.0003495289436268361
 -0.000347360521238996
 -0.0003452070694093003
 -0.0003430684016617896
 -0.0003409443356795982
 -0.0003388346931896614
 -0.0003367392998507837
 -0.0003346579851449715
 -0.0003325909141642945
 -0.0003305372758812179
 -0.0003284972283551056
 -0.0003264706141685252
 -0.000324457280463807
 -0.0003224570775611757
 -0.0003204698589275424
 -0.0003184954810938704
 -0.0003165338035631481
 -0.0003145846887355188
 -0.0003126480018275302
 -0.000310723610796419
 -0.0003088113862655461
 -0.0003069112014524669
 -0.0003050229320988812
 -0.0003031464564029244
 -0.0003012816549529809
 -0.0002994284106634813
 -0.0002975866087129115
 -0.0002957561364831155
 -0.000293936883592793
 -0.0002921287414708698
 -0.0002903316038574794
 -0.0002885453663776
 -0.000286769926582365
 -0.0002850051838982879
 -0.0002832510395783628
 -0.0002815073966531498
 -0.0002797741598852638
 -0.0002780512357234493
 -0.0002763385322590396
 -0.0002746359591831295
 -0.0002729434277454077
 -0.0002712608507132213
 -0.000269588142333158
 -0.0002850676881762879
 -0.0002832871199491579
 -0.0002815167661122249
 -0.0002797566124209122
 -0.0002780065744608627
 -0.0002762665702311554
 -0.0002745365190234488
 -0.000272816341401992
 -0.0002711059591717771
 -0.0002694052953473124
 -0.0002677142741211753
 -0.0002660328208361877
 -0.0002643608619553687
 -0.0002626983250347759
 -0.0002610451386957027
 -0.000259401232599523
 -0.0002577665374213334
 -0.0002561409848251618
 -0.0002545245074402534
 -0.0002529170388369732
 -0.0002513185135049506
 -0.0002497288668304989
 -0.0002481480350744536
 -0.0002465759553529472
 -0.0002450125656152386
 -0.0002434578046254669
 -0.0002419116119424609
 -0.0002447272739023692
 -0.0002431631846963768
 -0.000241607621168635
 -0.0002400605677067177
 -0.0002385219665072694
 -0.0002369917605810631
 -0.000235469893626311
 -0.0002339563100103338
 -0.0002324509547552485
 -0.0002309537735236286
 -0.0002294647126037163
 -0.0002279837188954888
 -0.0002265107398982291
 -0.0002250457236961203
 -0.0002235886189461076
 -0.0002221393748659892
 -0.0002206979412213325
 -0.0002192642683150037
 -0.0002178383069747081
 -0.0002164200085426216
 -0.0002150093248641596
 -0.0002136062082784441
 -0.0002122106116068947
 -0.0002108224881442229
 -0.0002094417916487624
 -0.0002080684763321505
 -0.0002067024968521851
 -0.0002053438083024023
 -0.0002039923662033211
 -0.0002026481264953834
 -0.0002013110455304659
 -0.0001999810800623824
 -0.0001986581872417457
 -0.0001973423246067822
 -0.0001960334500757411
 -0.0001947315219418079
 -0.0001934364988646639
 -0.0001921483398627257
 -0.0001908670043102927
 -0.0001895924519265759
 -0.0002884558186763325
 -0.0002862337004167077
 -0.0002840231840637902
 -0.0002818242106674408
 -0.00027963671983121
 -0.0002774606515945109
 -0.0002752959464249243
 -0.0002731425452107253
 -0.0002710003892536277
 -0.0002688694202617368
 -0.0002667495803427034
 -0.0002646408119970763
 -0.0002625430581118443
 -0.0002604621572787946
 -0.0002583864523747993
 -0.0002563215951860101
 -0.0002542675290724024
 -0.0002522241964217122
 -0.0002501915453075129
 -0.0002481695183618037
 -0.0002461580633576762
 -0.0002441571257348414
 -0.0002421666518825638
 -0.0002401865885821483
 -0.000238216883394451
 -0.0002362574822459773
 -0.0002343083342989482
 -0.0002323693871069522
 -0.0002304405889746007
 -0.000228521888518245
 -0.0002266132346786061
 -0.0002247145766498874
 -0.0002228258639226793
 -0.0002209470463064707
 -0.0002190780738466434
 -0.0002172188969034975
 -0.0002153694661010146
 -0.0002135297323349379
 -0.0002116996467708726
 -0.0002098791608457076
 -0.0002080682262421491
 -0.0002062667949196429
 -0.0002044748190964964
 -0.0002026922512360395
 -0.0002009190440595079
 -0.0001991551505303891
 -0.0001974005238660509
 -0.0001956551175249179
 -0.0001939188852049523
 -0.000192191780851457
 -0.0001904737586431609
 -0.0001887647729860962
 -0.0001870647785261271
 -0.0001853737301376922
 -0.0001836915829232869
 -0.0001820182922111325
 -0.0001803538135538721
 -0.0001786981027249988
 -0.0001770511157220139
 -0.000175412808754514
 -0.0001737831382518399
 -0.0001721620608572203
 -0.0001705495334273332
 -0.0001689455130272265
 -0.0001673499569331192
 -0.0001657628226276508
 -0.000164184067799563
 -0.0001626136503414803
 -0.0001610515283490529
 -0.0001594976601179733
 -0.0001579520041440503
 -0.0001564145191202327
 -0.0001548851639359699
 -0.000153363897676727
 -0.0001518506796192681
 -0.0001503454692349341
 -0.0001488482261836688
 -0.0001473589103148691
 -0.0001458774816673903
 -0.0001444039004659979
 -0.0001429381271199079
 -0.0001414801222232354
 -0.0001400298465516373
 -0.000138587261064562
 -0.0001371523268985041
 -0.0001357250053724573
 -0.0001343052579806842
 -0.0001328930463951165
 -0.0001314883324630865
 -0.0001300910782062488
 -0.0001287012458196636
 -0.0001273187976702297
 -0.0001259436962957901
 -0.0001245759044040268
 -0.0001232153848708136
 -0.00012186210074256
 -0.0001205160152281052
 -0.0001191770917053722
 -0.0001178452937151479
 -0.000310389861114604
 -0.0003082901722891405
 -0.0003061950002691704
 -0.000304125303434329
 -0.0003020810231710655
 -0.0003000621009409478
 -0.0002980684780785274
 -0.000296100095752663
 -0.0002941568949713343
 -0.0002922388165943734
 -0.0002903458013644298
 -0.0002884777898720738
 -0.00028663472251156
 -0.0002848165395911458
 -0.0002830231811845865
 -0.0002812545872624419
 -0.0002795106976106605
 -0.0002777914518736969
 -0.0002760967895238208
 -0.0002744266498909769
 -0.0002727809720707174
 -0.0002711596950996802
 -0.0002695627577376114
 -0.0002679900986423525
 -0.0002664416563016628
 -0.000264917368995411
 -0.000263417174906389
 -0.0002619410119717808
 -0.0002604888179466809
 -0.0002590605304581001
 -0.0002576560869768798
 -0.0002562754247569376
 -0.0002549184808976647
 -0.0002535851923141544
 -0.0002522754957444634
 -0.0002509893277628172
 -0.0002497266247626832
 -0.0002484873229523196
 -0.0002472713583980839
 -0.0002460786669411207
 -0.0002449091842814652
 -0.0002437628459282367
 -0.0002426395872189525
 -0.0002415393433189145
 -0.0002404620492141271
 -0.0002394076397219904
 -0.0002383760494755741
 -0.0002373672129363832
 -0.0002363810644024041
 -0.0002354175379757318
 -0.00023447656760439
 -0.0002335580870642422
 -0.0002326620299398522
 -0.0002317883296662776
 -0.0002309369194970546
 -0.0002301077325194458
 -0.0002293007016539689
 -0.0002285157596399487
 -0.0002277528390611373
 -0.0002270118723329598
 -0.0002262927917013793
 -0.0002255955292501318
 -0.0002249200168970298
 -0.0002242661863978299
 -0.0002236339693462176
 -0.0002230232971747654
 -0.0002224341011565164
 -0.0002218663123994252
 -0.0002213198618660956
 -0.000220794680353779
 -0.0002202906985057722
