# Created by Octave 3.2.4, Fri Nov 22 17:10:21 2013 PST <jon@jon-Precision-T3600>
# name: Estar
# type: matrix
# rows: 1000
# columns: 1
 53.15785389754087
 54.25535795144965
 53.93626450536778
 53.62125834176602
 53.31026156091585
 2.165362063116043e-11
 2.167748657327875e-11
 2.170115742501224e-11
 2.172463521413096e-11
 2.174792194915006e-11
 2.177101961926399e-11
 2.179417637207338e-11
 2.181690413512802e-11
 2.183944865832682e-11
 2.186181185365293e-11
 2.188399561365345e-11
 2.190600181145924e-11
 2.1927832300816e-11
 2.194948891612625e-11
 2.197097347250179e-11
 2.199228776582528e-11
 2.201343357282115e-11
 2.203441265113453e-11
 2.205522673941823e-11
 2.207587755742691e-11
 2.209636680611786e-11
 2.211669616775838e-11
 2.21368673060387e-11
 2.21568818661905e-11
 2.217674147511034e-11
 2.219644774148769e-11
 2.221600225593736e-11
 2.22354065911355e-11
 2.225466230195954e-11
 2.227377092563119e-11
 2.229273398186228e-11
 2.231155297300359e-11
 2.233022938419571e-11
 2.234876468352245e-11
 2.23671603221658e-11
 2.238541773456287e-11
 2.240353833856414e-11
 2.242152353559304e-11
 2.243937471080663e-11
 2.245709323325723e-11
 2.247468045605474e-11
 2.24921377165295e-11
 2.250946633639576e-11
 2.252666762191523e-11
 2.254374286406097e-11
 2.256069333868121e-11
 2.257752030666318e-11
 2.259422501409667e-11
 2.261080869243734e-11
 2.262727255866965e-11
 2.264361781546938e-11
 2.265984565136537e-11
 2.267595551129949e-11
 2.269195193675353e-11
 2.270783441481781e-11
 2.272360408514635e-11
 2.273926206761625e-11
 2.275480946920752e-11
 2.277024738387644e-11
 2.278557689263602e-11
 2.280079906384195e-11
 2.281591495325499e-11
 2.283092560421882e-11
 2.284583204780647e-11
 2.286063530297242e-11
 2.2875336376699e-11
 2.288993626414423e-11
 2.290443594878573e-11
 2.291883640256569e-11
 2.293313858603411e-11
 2.294734344848868e-11
 2.296145192811595e-11
 2.29754648894262e-11
 2.298938337448862e-11
 2.300320822598676e-11
 2.301694033903191e-11
 2.303058059830093e-11
 2.3044129878169e-11
 2.305758904283809e-11
 2.307095894646877e-11
 2.308424043330333e-11
 2.309743433779377e-11
 2.311054148472564e-11
 2.312356268934023e-11
 2.313649875745533e-11
 2.314935048558736e-11
 2.316211866106808e-11
 2.322894784915911e-11
 2.324171191749555e-11
 2.325439385147244e-11
 2.326699404460784e-11
 2.32795132596305e-11
 2.329195224544494e-11
 2.330431174240988e-11
 2.331659248238843e-11
 2.332879518885397e-11
 2.334092057700304e-11
 2.335296935385975e-11
 2.336494221838009e-11
 2.337683986155978e-11
 2.338866296653405e-11
 2.340041220868045e-11
 2.341208825571768e-11
 2.342369176780527e-11
 2.343522339764137e-11
 2.344668379055776e-11
 2.345807358461636e-11
 2.346939341070073e-11
 2.348064389260875e-11
 2.34918256471479e-11
 2.350293928421711e-11
 2.351398540690391e-11
 2.352496461156527e-11
 2.353587748791882e-11
 2.356491106228706e-11
 2.357573441425705e-11
 2.358649306457481e-11
 2.359718739086405e-11
 2.36078179545098e-11
 2.361838531019683e-11
 2.362889000649838e-11
 2.363933258595585e-11
 2.36497135851542e-11
 2.366003353479714e-11
 2.367029295978369e-11
 2.368049237928308e-11
 2.369063230680288e-11
 2.370071325026623e-11
 2.371073571208087e-11
 2.372070018920674e-11
 2.373060717322949e-11
 2.374045715042338e-11
 2.375025060182364e-11
 2.375998800328733e-11
 2.376966982556429e-11
 2.377929653435549e-11
 2.378886859038166e-11
 2.379838644944267e-11
 2.380785056248012e-11
 2.381726137564168e-11
 2.382661933033335e-11
 2.383592486328485e-11
 2.384517840660925e-11
 2.385438038785486e-11
 2.386353123006429e-11
 2.387263135183592e-11
 2.388168116736968e-11
 2.389068108652783e-11
 2.38996315148905e-11
 2.390853285380035e-11
 2.391738550042141e-11
 2.392618984779438e-11
 2.393494628487341e-11
 2.394365519659434e-11
 2.449706546119089e-11
 2.450711067416027e-11
 2.451710073237056e-11
 2.452703606346351e-11
 2.453691711594485e-11
 2.454674433354592e-11
 2.455651815528462e-11
 2.456623901552574e-11
 2.457590734404007e-11
 2.458552356606294e-11
 2.459508810235175e-11
 2.460460136924261e-11
 2.46140637787064e-11
 2.462345249343435e-11
 2.463281373579487e-11
 2.46421253266958e-11
 2.46513876652037e-11
 2.466060115144722e-11
 2.46697661606727e-11
 2.467888308663702e-11
 2.468795230060104e-11
 2.469697418026711e-11
 2.47059490968902e-11
 2.471487741793731e-11
 2.472375950529639e-11
 2.473259572442157e-11
 2.474138642618576e-11
 2.475013196513189e-11
 2.475883269039856e-11
 2.476748894759424e-11
 2.477610107885054e-11
 2.478466942284203e-11
 2.479319431484515e-11
 2.480167608678186e-11
 2.481011506724304e-11
 2.481851158154781e-11
 2.482686595177075e-11
 2.483517849678783e-11
 2.484344953230997e-11
 2.485167937092474e-11
 2.48598683221295e-11
 2.486801669237419e-11
 2.487612478509597e-11
 2.488419290074972e-11
 2.489222133685137e-11
 2.490021038800765e-11
 2.49081603459511e-11
 2.49160714995799e-11
 2.492394413497966e-11
 2.493177853546985e-11
 2.49395749816276e-11
 2.494733375132143e-11
 2.495505511974539e-11
 2.496273935944894e-11
 2.497038674036542e-11
 2.497799752984916e-11
 2.498557199269902e-11
 2.499311039118848e-11
 2.500061298510241e-11
 2.500808003175215e-11
 2.501551178601987e-11
 2.502290850037558e-11
 2.503027042490506e-11
 2.503759780734755e-11
 2.504489089310866e-11
 2.505214992529822e-11
 2.505937514475034e-11
 2.506656679005168e-11
 2.507372509756511e-11
 2.508085030145817e-11
 2.508794263372468e-11
 2.50950023242127e-11
 2.510202960064627e-11
 2.510902468864651e-11
 2.511598781176367e-11
 2.512291919149264e-11
 2.512981904730002e-11
 2.51366875966448e-11
 2.514352505500035e-11
 2.515033163588008e-11
 2.515710755085565e-11
 2.516385300957902e-11
 2.5170568219808e-11
 2.517725338741675e-11
 2.518390871643328e-11
 2.519053440903958e-11
 2.519713066561124e-11
 2.520369768472223e-11
 2.521023566317436e-11
 2.521674479601216e-11
 2.522322527654254e-11
 2.522967729635508e-11
 2.523610104534053e-11
 2.524249671170702e-11
 2.524886448200353e-11
 2.525520454112612e-11
 2.526151707235436e-11
 2.526780225735019e-11
 2.527406027618811e-11
 5.000614795997046e-12
 5.06537281776437e-12
 5.130013528560098e-12
 5.194346504453476e-12
 5.258373945713711e-12
 5.322098030275177e-12
 5.385520915382808e-12
 5.448644737822743e-12
 5.51147161418586e-12
 5.57400364108961e-12
 5.636242895405814e-12
 5.698191434498965e-12
 5.759851296490807e-12
 5.82122450041116e-12
 5.882313046492317e-12
 5.943118916344818e-12
 6.003644073187504e-12
 6.063890462054453e-12
 6.123860010028145e-12
 6.183554626398846e-12
 6.242976202929082e-12
 6.302126613998032e-12
 6.361007716850313e-12
 6.419621351752562e-12
 6.477969342201025e-12
 6.536053495130292e-12
 6.593875601057898e-12
 6.651437434320237e-12
 6.708740753225489e-12
 6.76578730024589e-12
 6.82257880216678e-12
 6.879116970315435e-12
 6.935403500689168e-12
 6.99144007414213e-12
 7.04722835656762e-12
 7.102769999035943e-12
 7.158066637979647e-12
 7.213119895353995e-12
 7.267931378789896e-12
 7.322502681750655e-12
 7.376835383700272e-12
 7.430931050240155e-12
 7.484791233279073e-12
 7.538417471166432e-12
 7.591811288851512e-12
 7.644974198016134e-12
 7.697907697239033e-12
 7.750613272122526e-12
 7.803092395426129e-12
 7.855346527233771e-12
 7.90737711505923e-12
 7.959185593994285e-12
 8.010773386846407e-12
 8.062141904261688e-12
 8.113292544855454e-12
 8.164226695357245e-12
 8.214945730700364e-12
 8.265451014188565e-12
 8.315743897592091e-12
 8.365825721274757e-12
 8.415697814322627e-12
 8.465361494657171e-12
 8.514818069150486e-12
 8.564068833739289e-12
 8.613115073543021e-12
 8.661958062982456e-12
 8.710599065884722e-12
 8.759039335582205e-12
 8.807280115045152e-12
 8.855322636968763e-12
 8.903168123895684e-12
 8.950817788299247e-12
 8.998272832709013e-12
 9.045534449799806e-12
 9.092603822496998e-12
 9.139482124074497e-12
 9.186170518255686e-12
 9.232670159304031e-12
 9.278982192125245e-12
 9.325107752372501e-12
 9.371047966510072e-12
 9.416803951932811e-12
 9.462376817061002e-12
 9.507767661392066e-12
 9.552977575634486e-12
 -5.482916035402977e-12
