# Created by Octave 3.2.4, Fri Nov 22 17:10:21 2013 PST <jon@jon-Precision-T3600>
# name: gamma
# type: matrix
# rows: 1
# columns: 1000
 1.402398867491019 1.395267027785201 1.395071921221016 1.394879060264228 1.394688402016703 1.302862088170615 1.302663157068995 1.302467557617318 1.302275218513667 1.302086070264297 1.301900045132558 1.301717109845574 1.301537134028913 1.301360088179996 1.301185911108991 1.301014543149431 1.300845926115515 1.300680003260698 1.300516719237495 1.300356020058491 1.300197853058509 1.300042166857902 1.299888911326944 1.29973803755128 1.299589497798407 1.299443245485151 1.299299235146121 1.299157422403094 1.299017763935318 1.298880217450697 1.298744741657831 1.298611296238888 1.298479841823284 1.298350339962137 1.298222753103482 1.29809704456822 1.297973178526772 1.297851119976428 1.297730834719355 1.29761228934126 1.29749545119067 1.297380288358832 1.297266769660181 1.297154864613398 1.297044543423009 1.296935776961517 1.296828536752063 1.296722794951573 1.296618524334409 1.296515698276479 1.296414290739804 1.296314276257539 1.29621562991941 1.29611832735757 1.296022344732867 1.295927658721487 1.295834246501985 1.295742080983305 1.295651149579168 1.295561426364756 1.295472890422191 1.295385521258675 1.29529929881409 1.295214203449518 1.295130215936949 1.295047317449235 1.294965489550312 1.294884714185713 1.294804973673319 1.294726250694378 1.294648528284761 1.294571789826462 1.294496019039326 1.294421199972998 1.2943473169991 1.294274354803601 1.294202298379415 1.294131132997448 1.294060844286477 1.293991418095969 1.29392284057632 1.293855098150655 1.293788177508514 1.293722065599715 1.293656749628373 1.29359221704707 1.293528455551187 1.29346545307338 1.293403197778194 1.293341678056818 1.293280882521989 1.293220800003002 1.293162348858479 1.293103629299673 1.293045591972567 1.292988225347771 1.292931519281403 1.292875463801026 1.292820049119567 1.292765265631046 1.292711103906616 1.29265755469072 1.292604608897331 1.292552257606278 1.292500492059692 1.292449303658505 1.292398683959056 1.292348624669774 1.292299117647941 1.292250154896541 1.292201728561173 1.292153830927054 1.292106454416078 1.292059591583952 1.292013235117426 1.291967377831528 1.291922012666938 1.291877132687367 1.291832731077037 1.291788859310459 1.291745386864009 1.29170237389539 1.291659813262383 1.29161769871708 1.291576024115955 1.291534783419829 1.291493970691779 1.291453580095085 1.291413605891224 1.291374042437915 1.291334884187214 1.29129612568363 1.291257761562316 1.291219786547279 1.291182195449628 1.291144983165887 1.291108144676308 1.291071675043263 1.291035569409634 1.290999822997278 1.290964431105476 1.290929389109474 1.29089469245901 1.290860336676892 1.290826317357629 1.290792630166028 1.290759270835895 1.290726235168736 1.290693519032457 1.290661118360127 1.29062902914879 1.290597247458219 1.290565769409783 1.290534591185315 1.290503709025949 1.29047311923106 1.290442818157216 1.29041280221705 1.290383067878338 1.290303330344507 1.290274017169164 1.290244977223391 1.290216207124057 1.290187703583624 1.290159463364076 1.290131483276034 1.290103760177886 1.290076290974937 1.290049072618579 1.290022102105469 1.289995376476737 1.2899688928172 1.28994252098341 1.289916508188932 1.289890728796923 1.289865180080871 1.289839859383793 1.289814763971571 1.289789891275066 1.289765238658466 1.289740803581711 1.289716583526802 1.289692576011787 1.28966877857947 1.289645188850242 1.289621804414587 1.289598622939436 1.289575642114118 1.289552859660491 1.289530273332431 1.289507880915257 1.28948568022524 1.289463669109072 1.289441845443363 1.28942020713415 1.289398752116401 1.289377478353566 1.28935638383708 1.289335466585918 1.289314724646154 1.289294156090503 1.289273759017907 1.289253531553085 1.289233471846147 1.289213578072171 1.289193848430786 1.289174281145826 1.289154874464874 1.289135626658947 1.28911653602209 1.289097600871022 1.289078819544772 1.289060190404334 1.289041711832301 1.289023382232567 1.289005200029956 1.288987163669895 1.28896927161814 1.288951522360377 1.28893391440201 1.288916446267788 1.288899116501503 1.288881923665774 1.288864866341655 1.288847943128436 1.288831152643317 1.288814493521154 1.288797964414175 1.288781563991745 1.288765290940076 1.288749143962003 1.288733121776713 1.288717223119478 1.288701446741479 1.28868579140951 1.288670255905773 1.288654839027638 1.288639539587408 1.288624356412133 1.288609288343361 1.288594334236926 1.288579492962779 1.288564763404686 1.288550144460174 1.288535635040155 1.288521234068896 1.288506940483699 1.288492753234791 1.288478671285102 1.288464693610085 1.288450819197547 1.28843704704747 1.28842337617182 1.288409805594417 1.288396334350665 1.288382961487554 1.288369686063325 1.288356507147431 1.278170674317076 1.278158384434572 1.278146762218811 1.278135241196377 1.278123820462267 1.27811249911714 1.278101276271283 1.278090151044415 1.278079122565618 1.278068189973171 1.278057352414419 1.278046609045649 1.278035959032046 1.27802540154742 1.278014935774209 1.278004560903319 1.277994276133998 1.27798408067373 1.277973973738184 1.277963954550962 1.277954022343642 1.27794417635558 1.277934415833849 1.277924740033106 1.277915148215503 1.277905639650621 1.277896213615295 1.277886869393601 1.277877606276696 1.277868423562797 1.277859320556976 1.277850296571214 1.277841350924195 1.277832482941256 1.277823691954351 1.277814977301878 1.277806338328657 1.277797774385841 1.277789284830833 1.277780869027162 1.277772526344488 1.277764256158447 1.277756057850643 1.277747930808518 1.277739874425319 1.277731888099977 1.277723971237109 1.277716123246895 1.27770834354499 1.277700631552546 1.27769298669605 1.277685408407302 1.277677896123353 1.277670449286433 1.277663067343876 1.277655749748129 1.27764849595655 1.277641305431501 1.2776341776402 1.277627112054671 1.277620108151726 1.277613165412885 1.277606283324315 1.27759946137677 1.277592699065551 1.277585995890475 1.2775793513558 1.277572764970129 1.277566236246457 1.277559764702038 1.277553349858403 1.27754699124123 1.277540688380374 1.277534440809784 1.277528248067462 1.277522109695419 1.277516025239634 1.277509994249993 1.277504016280259 1.277498090888079 1.277492217634817 1.277486396085625 1.277480625809413 1.277474906378652 1.277469237369516 1.271171587632601 1.271168814329733 1.271166098296741 1.271163438979359 1.271160835905994 1.269398737706571 1.271152886918449 1.267483505232682 1.267482735259383 1.267481263389875 1.266749705292046 1.266784269308497 1.266708798772031 1.266742435302973 1.266739520242599 1.259777101079335 1.253951888653425 1.253951895017789 1.255727505145594 1.254805143950269 1.2549551795223 1.254928320304285 1.255172775860747 1.25437232963781 1.254375901862408 1.254343987809728 1.254431658934169 1.254092866069375 1.155453448552288 1.155471114810436 1.155488849643223 1.1555066473984 1.155524507196778 1.155542428207154 1.155560409602122 1.155578450557538 1.155596550252479 1.154712917620804 1.154731190456696 1.155532830697273 1.156808891747376 1.155466966729517 1.155209921748506 1.155215257122917 1.155229527856072 1.155398396949886 1.155489038972104 1.155575983898761 1.155399335474846 1.155577232817731 1.155062075531135 1.155058945427159 1.15501028999532 1.155026385541064 1.155798503743245 1.15516262939822 1.155398909428768 1.155211832543353 1.152829166898773 1.155143549999472 1.155170083956886 1.155141705425954 1.155167463469806 1.137325187010665 1.136437992867706 1.136642793320702 1.136073505458336 1.135850012859256 1.135620172136328 1.13540921195409 1.135077221009614 1.13485893235753 1.134639246864707 1.134416948923218 1.134306718955366 1.133999966362926 1.133752478137728 1.133629487712534 1.133308410852384 1.133175452788821 1.132862539267539 1.132639912022714 1.132442312146472 1.132218295341421 1.131975128947931 1.131699129281808 1.131474861291891 1.131258714831291 1.131054464076244 1.130782530801952 1.130565361633915 1.130339790144071 1.13012937094961 1.129888223752439 1.129810232697512 1.114327139288782 