# Created by Octave 3.2.4, Fri Nov 22 17:10:21 2013 PST <jon@jon-Precision-T3600>
# name: hstar
# type: matrix
# rows: 1
# columns: 1000
 54.91951056727115 56.06401403195608 55.74492058587421 55.42991442227245 55.11891764142228 2.936644697087542e-11 2.939031291299384e-11 2.941398376472734e-11 2.943746155384605e-11 2.946074828886512e-11 2.948384595897902e-11 2.950719609684264e-11 2.952992385989724e-11 2.9552468383096e-11 2.957483157842204e-11 2.959701533842251e-11 2.961902153622824e-11 2.964085202558489e-11 2.966250864089506e-11 2.968399319727049e-11 2.970530749059385e-11 2.972645329758958e-11 2.974743237590281e-11 2.976824646418632e-11 2.97888972821948e-11 2.980938653088551e-11 2.982971589252575e-11 2.984988703080577e-11 2.986990159095721e-11 2.988976119987666e-11 2.990946746625357e-11 2.992902198070273e-11 2.99484263159003e-11 2.996768202672371e-11 2.998679065039465e-11 3.000575370662493e-11 3.002457269776532e-11 3.004324910895645e-11 3.006178440828204e-11 3.008018004692414e-11 3.00984374593198e-11 3.01165580633195e-11 3.013454326034666e-11 3.01523944355583e-11 3.017011295800675e-11 3.018770018080185e-11 3.020515744127399e-11 3.022248606113732e-11 3.023968734665352e-11 3.02567625887957e-11 3.027371306341198e-11 3.02905400313896e-11 3.030724473881829e-11 3.032382841715369e-11 3.034029228338021e-11 3.035663754017356e-11 3.037286537606258e-11 3.038897536364252e-11 3.040497179582471e-11 3.042085428136207e-11 3.043662395946277e-11 3.045228195003321e-11 3.046782936006097e-11 3.048326728351079e-11 3.049859680140403e-11 3.051381898210467e-11 3.052893488138184e-11 3.05439455425873e-11 3.055885199680217e-11 3.057365526298891e-11 3.058835634813769e-11 3.060295624741418e-11 3.061745594430361e-11 3.063185641075556e-11 3.064615860732723e-11 3.066036348332332e-11 3.067447197693721e-11 3.068848495324215e-11 3.07024034532011e-11 3.071622832006016e-11 3.072996044893651e-11 3.074360072451271e-11 3.075715002116934e-11 3.077060920311364e-11 3.078397912451099e-11 3.079726062960836e-11 3.08104545528621e-11 3.082356171906179e-11 3.083658294345247e-11 3.084951903185552e-11 3.086237078079043e-11 3.087513897759184e-11 3.097012504860035e-11 3.098288917129677e-11 3.099557112906862e-11 3.100817134704039e-11 3.102069058746745e-11 3.103312959926207e-11 3.104548912278455e-11 3.105776988989916e-11 3.106997262408027e-11 3.10820980405251e-11 3.109414684625802e-11 3.110611974023528e-11 3.111801741345238e-11 3.112984054904416e-11 3.114158982238743e-11 3.115326590120004e-11 3.116486944564045e-11 3.117640110840546e-11 3.118786153482535e-11 3.119925136296024e-11 3.121057122369182e-11 3.122182174081606e-11 3.123300353113797e-11 3.124411720455436e-11 3.125516336415011e-11 3.126614260627969e-11 3.127705552065792e-11 3.131493347624435e-11 3.132575688923843e-11 3.133651558003182e-11 3.134720994741524e-11 3.135784055271351e-11 3.136840795060801e-11 3.13789126896689e-11 3.138935531243424e-11 3.139973635548561e-11 3.141005634952345e-11 3.142031581944343e-11 3.143051528441123e-11 3.14406552579312e-11 3.145073624792304e-11 3.146075875679098e-11 3.147072328149169e-11 3.148063031360729e-11 3.149048033940882e-11 3.150027383992795e-11 3.151001129101849e-11 3.151969316342676e-11 3.152931992285049e-11 3.153889203000699e-11 3.154840994069274e-11 3.155787410584613e-11 3.156728497161106e-11 3.157664297939049e-11 3.158594856591078e-11 3.159520216328136e-11 3.160440419904719e-11 3.161355509624768e-11 3.162265527347735e-11 3.163170514493284e-11 3.164070512047301e-11 3.164965560567394e-11 3.165855700187509e-11 3.166740970623689e-11 3.167621411179578e-11 3.168497060750282e-11 3.169367957828935e-11 3.254206824096907e-11 3.255211345112156e-11 3.256210350516631e-11 3.257203883192801e-11 3.258191987990701e-11 3.259174709282909e-11 3.260152090970648e-11 3.261124176489814e-11 3.262091008816889e-11 3.263052630474795e-11 3.26400908353865e-11 3.264960409641421e-11 3.265906649979544e-11 3.26684587844789e-11 3.267782014678193e-11 3.268713185951728e-11 3.269639432114127e-11 3.27056079303436e-11 3.2714773064203e-11 3.272389011475768e-11 3.273295945449259e-11 3.274198146069141e-11 3.275095650459586e-11 3.275988495366672e-11 3.276876717008344e-11 3.277760351838617e-11 3.278639435034177e-11 3.279514002018448e-11 3.280384087704142e-11 3.28124972665109e-11 3.282110953071653e-11 3.28296780083212e-11 3.283820303458986e-11 3.284668494143636e-11 3.285512405743858e-11 3.286352070790615e-11 3.287187521490298e-11 3.288018789729369e-11 3.288845907077815e-11 3.289668904793313e-11 3.290487813824315e-11 3.291302664814682e-11 3.292113488106995e-11 3.292920313745508e-11 3.293723171480595e-11 3.294522090771623e-11 3.295317100790627e-11 3.296108230426075e-11 3.296895508285233e-11 3.29767896269874e-11 3.298458621722972e-11 3.299234513143339e-11 3.300006664477857e-11 3.300775102980034e-11 3.301539855641786e-11 3.302300949197028e-11 3.303058410124148e-11 3.303812264648986e-11 3.304562538748457e-11 3.305309258152155e-11 3.306052448346643e-11 3.306792134577296e-11 3.307528341851103e-11 3.308261094940215e-11 3.308990418383542e-11 3.309716336490298e-11 3.310438873342133e-11 3.311158052795913e-11 3.31187389848613e-11 3.31258643382767e-11 3.313295682018055e-11 3.314001666040159e-11 3.314704408664432e-11 3.315403932451092e-11 3.31610025975311e-11 3.316793412717977e-11 3.317483413290279e-11 3.318170283213831e-11 3.318854044033889e-11 3.319534717099634e-11 3.320212323566055e-11 3.320886884396168e-11 3.321558420363457e-11 3.322226952053176e-11 3.322892499865702e-11 3.323555084017031e-11 3.324214724542279e-11 3.324871441296501e-11 3.325525253957442e-11 3.326176182027104e-11 3.326824244833709e-11 3.327469461533695e-11 3.328111851113573e-11 3.3287514323916e-11 3.329388224019991e-11 3.330022244485862e-11 3.330653512114356e-11 3.331282045069051e-11 3.331907861354623e-11 1.388112621614346e-11 1.394590180994782e-11 1.401054288134707e-11 1.407487621797617e-11 1.413890401994031e-11 1.420262846513912e-11 1.426605171078276e-11 1.43291758936213e-11 1.439200313020692e-11 1.445453551711812e-11 1.451677513119046e-11 1.457872402975201e-11 1.464038425088193e-11 1.470175781357533e-11 1.476284671802152e-11 1.482365294579242e-11 1.488417846006608e-11 1.494442520583717e-11 1.500439511014605e-11 1.506409008224455e-11 1.512351201384889e-11 1.51826627793012e-11 1.524154423579903e-11 1.530015822356752e-11 1.535850656606105e-11 1.541659107016786e-11 1.547441352636619e-11 1.553197570894556e-11 1.558927937616684e-11 1.56463262704571e-11 1.570311811855948e-11 1.575965663175304e-11 1.581594350598933e-11 1.587198042207568e-11 1.592776904585693e-11 1.598331102835655e-11 1.603860800595915e-11 1.60936616005706e-11 1.614847341977451e-11 1.620304505698371e-11 1.625737809161277e-11 1.631147408921318e-11 1.63653346016427e-11 1.641896116720023e-11 1.647235531078345e-11 1.652551854402345e-11 1.657845236544608e-11 1.663115826060087e-11 1.668363770219596e-11 1.673589215026007e-11 1.678792305225399e-11 1.683973184321605e-11 1.68913199458981e-11 1.694268877089198e-11 1.699383971675796e-11 1.704477417016887e-11 1.70954935060034e-11 1.714599908750755e-11 1.719629226639493e-11 1.724637438297262e-11 1.729624676626867e-11 1.734591073414635e-11 1.739536759341911e-11 1.744461863996519e-11 1.749366515884506e-11 1.754250842441944e-11 1.75911497004551e-11 1.76395902402245e-11 1.768783128663697e-11 1.773587407232669e-11 1.778371981977399e-11 1.783136974139122e-11 1.787882503964486e-11 1.792608690714734e-11 1.797315652676058e-11 1.802003507169514e-11 1.806672370561012e-11 1.811322358270549e-11 1.81595358478224e-11 1.820566163654783e-11 1.825160207528154e-11 1.829735828135269e-11 1.834293136311394e-11 1.838832241999807e-11 1.843353254264613e-11 4.318825095008335e-12 4.401155502457566e-12 4.483152523767722e-12 4.564818130834312e-12 4.646154311148996e-12 9.586995782106433e-13 5.81027189825088e-12 -2.931646799805685e-12 -2.832626674952092e-12 -2.734353452948455e-12 -4.087139145757906e-12 -3.889323462476906e-12 -3.982878229168585e-12 -3.788791829974388e-12 -3.684104337030698e-12 -2.111759420271757e-11 