# Created by Octave 3.2.4, Fri Nov 22 17:10:21 2013 PST <jon@jon-Precision-T3600>
# name: Sstar
# type: matrix
# rows: 1000
# columns: 1
 53.153224009817
 54.98743053418711
 55.02857684981093
 55.06947412142344
 55.11012536756892
 2.519422518423518e-10
 2.521507278781416e-10
 2.523580061742422e-10
 2.52564100001328e-10
 2.527690224149258e-10
 2.529727862600304e-10
 2.531816128310661e-10
 2.533831022895587e-10
 2.535834704678956e-10
 2.537827294129695e-10
 2.539808909824194e-10
 2.54177966848555e-10
 2.54373968502174e-10
 2.545689072562845e-10
 2.547627942497282e-10
 2.549556404507108e-10
 2.551474566602444e-10
 2.553382535154997e-10
 2.555280414930757e-10
 2.557168309121869e-10
 2.5590463193777e-10
 2.560914545835162e-10
 2.562773087148264e-10
 2.564622040516948e-10
 2.566461501715242e-10
 2.568291565118695e-10
 2.570112323731186e-10
 2.571923869211076e-10
 2.573726291896736e-10
 2.575519680831481e-10
 2.577304123787908e-10
 2.579079707291671e-10
 2.580846516644689e-10
 2.582604635947835e-10
 2.584354148123093e-10
 2.586095134935203e-10
 2.587827677012815e-10
 2.589551853869164e-10
 2.591267743922282e-10
 2.592975424514745e-10
 2.594674971932983e-10
 2.596366461426171e-10
 2.598049967224678e-10
 2.599725562558129e-10
 2.601393319673066e-10
 2.603053309850213e-10
 2.604705603421386e-10
 2.606350269786007e-10
 2.60798737742729e-10
 2.609616993928071e-10
 2.611239185986286e-10
 2.612854019430142e-10
 2.61446161752909e-10
 2.61606193094897e-10
 2.617655078513307e-10
 2.619241122513367e-10
 2.620820124658882e-10
 2.622392145864404e-10
 2.623957246272759e-10
 2.625515485267364e-10
 2.627066921484818e-10
 2.628611612827224e-10
 2.630149616474092e-10
 2.631680988894269e-10
 2.633205785857408e-10
 2.634724062445315e-10
 2.63623587306302e-10
 2.637741271449698e-10
 2.639240310689297e-10
 2.640733043220954e-10
 2.64221952084929e-10
 2.643699794754408e-10
 2.645173915770485e-10
 2.646641933320776e-10
 2.648103897038741e-10
 2.649559855703044e-10
 2.651009857515213e-10
 2.652453950108567e-10
 2.653892180557016e-10
 2.655324595383538e-10
 2.656751240568748e-10
 2.658172161559086e-10
 2.659587403274952e-10
 2.660997010118689e-10
 2.662401025982434e-10
 2.663799494255665e-10
 2.665192457832863e-10
 2.676107090154244e-10
 2.677494228075964e-10
 2.678875952993118e-10
 2.680252320858541e-10
 2.681623372123137e-10
 2.682989147009244e-10
 2.684349685288754e-10
 2.685705026292384e-10
 2.687055208916232e-10
 2.688400271627929e-10
 2.689740252472821e-10
 2.691075189080219e-10
 2.692405118669123e-10
 2.693730078054253e-10
 2.695050103651697e-10
 2.696365231484694e-10
 2.6976754971891e-10
 2.698980936018856e-10
 2.700281582851398e-10
 2.701577472192859e-10
 2.702868638183357e-10
 2.704155114602074e-10
 2.705436934872057e-10
 2.706714132065539e-10
 2.707986738908355e-10
 2.709254787785034e-10
 2.71051831074322e-10
 2.714810503550854e-10
 2.716066513075152e-10
 2.717318075755862e-10
 2.718565232461781e-10
 2.719808013631326e-10
 2.721046449419425e-10
 2.72228056967463e-10
 2.723510403942982e-10
 2.724735981472138e-10
 2.72595733121539e-10
 2.727174481835454e-10
 2.728387461708252e-10
 2.729596298926934e-10
 2.730801021305304e-10
 2.732001656381547e-10
 2.733198231421968e-10
 2.734390773424253e-10
 2.735579309121238e-10
 2.736763864984029e-10
 2.73794446722564e-10
 2.73912114180402e-10
 2.740293914425628e-10
 2.741462810548343e-10
 2.7426278553848e-10
 2.743789073905476e-10
 2.744946490841486e-10
 2.74610013068812e-10
 2.747250017707391e-10
 2.748396175930884e-10
 2.749538629162981e-10
 2.750677400983569e-10
 2.751812514750434e-10
 2.752943993602653e-10
 2.754071860462845e-10
 2.755196138039751e-10
 2.75631684883137e-10
 2.757434015127117e-10
 2.758547659010101e-10
 2.75965780236059e-10
 2.760764466857215e-10
 2.864929156553361e-10
 2.866070908425295e-10
 2.867209114316972e-10
 2.868343796537285e-10
 2.869474976578075e-10
 2.87060267573715e-10
 2.871726915120614e-10
 2.872847715645112e-10
 2.873965098040077e-10
 2.875079082849934e-10
 2.876189690436261e-10
 2.877296940979929e-10
 2.878400854483217e-10
 2.879503201910782e-10
 2.880600563460945e-10
 2.881694648029649e-10
 2.882785474630913e-10
 2.883873061702975e-10
 2.884957429122097e-10
 2.88603859485786e-10
 2.88711657816104e-10
 2.888191397315251e-10
 2.88926307064483e-10
 2.890331616319326e-10
 2.891397052499712e-10
 2.892459396600389e-10
 2.893518666773025e-10
 2.89457488042704e-10
 2.895628054970009e-10
 2.896678207663094e-10
 2.897725355622796e-10
 2.898769515820684e-10
 2.899810705086223e-10
 2.900848940109487e-10
 2.90188423743986e-10
 2.902916613490434e-10
 2.903946084537938e-10
 2.904972666724292e-10
 2.905996376058521e-10
 2.907017228418127e-10
 2.908035239549706e-10
 2.909050425071637e-10
 2.910062800474835e-10
 2.911072381123959e-10
 2.912079182258964e-10
 2.913083218996159e-10
 2.91408450633021e-10
 2.915083059134448e-10
 2.91607889216312e-10
 2.917072020052122e-10
 2.918062457320346e-10
 2.919050218370592e-10
 2.920035317491339e-10
 2.921017768857607e-10
 2.921997586532403e-10
 2.922974784467345e-10
 2.923949376504366e-10
 2.924921376376766e-10
 2.925890797709926e-10
 2.926857654023109e-10
 2.92782195872966e-10
 2.928783725138839e-10
 2.929742966456948e-10
 2.930699695787285e-10
 2.931653926132684e-10
 2.932605670395354e-10
 2.933554941378553e-10
 2.934501751787315e-10
 2.935446114229675e-10
 2.936388041217245e-10
 2.937327545166611e-10
 2.938264638399844e-10
 2.939199333145743e-10
 2.940131641541098e-10
 2.941061575630606e-10
 2.941989147368768e-10
 2.942914368620174e-10
 2.943837251160692e-10
 2.944757806678433e-10
 2.945676046774171e-10
 2.946591982962535e-10
 2.947505626672903e-10
 2.948416989249656e-10
 2.949326081954305e-10
 2.950232915964243e-10
 2.951137502376027e-10
 2.952039852203809e-10
 2.952939976381924e-10
 2.953837885764543e-10
 2.954733591126936e-10
 2.9556271031662e-10
 2.956518432501818e-10
 2.957407589676418e-10
 2.958294585156786e-10
 2.959179429333939e-10
 2.960062132525345e-10
 2.960942704973157e-10
 2.961821156847427e-10
 2.962697498245043e-10
 3.317470293115756e-10
 3.31846952733038e-10
 3.319457326210324e-10
 3.320442772834421e-10
 3.321425878170875e-10
 3.322406653177832e-10
 3.323385108736662e-10
 3.324361255652508e-10
 3.325335104654155e-10
 3.326306666395804e-10
 3.327275951458838e-10
 3.328242970351442e-10
 3.329207733506653e-10
 3.33017025128899e-10
 3.331130533988452e-10
 3.332088591826151e-10
 3.33304443495252e-10
 3.333998073449208e-10
 3.334949517327945e-10
 3.335898776534164e-10
 3.336845860942675e-10
 3.337790780364942e-10
 3.338733544542466e-10
 3.339674163153162e-10
 3.34061264580978e-10
 3.34154900205876e-10
 3.342483241385426e-10
 3.343415373208789e-10
 3.34434540688503e-10
 3.345273351708636e-10
 3.346199216913833e-10
 3.347123011671109e-10
 3.348044745091419e-10
 3.348964426225279e-10
 3.349882064062752e-10
 3.350797667535724e-10
 3.351711245516994e-10
 3.352622806820745e-10
 3.353532360204365e-10
 3.354439914367212e-10
 3.355345477952231e-10
 3.356249059546296e-10
 3.357150667680106e-10
 3.35805031082954e-10
 3.358947997415346e-10
 3.35984373580454e-10
 3.360737534309426e-10
 3.361629401189129e-10
 3.362519344650617e-10
 3.363407372846804e-10
 3.364293493879638e-10
 3.365177715799405e-10
 3.366060046604457e-10
 3.366940494243011e-10
 3.367819066612842e-10
 3.368695771561027e-10
 3.369570616886448e-10
 3.370443610337499e-10
 3.371314759614557e-10
 3.372184072369808e-10
 3.373051556207101e-10
 3.373917218682795e-10
 3.374781067306155e-10
 3.375643109539924e-10
 3.376503352800425e-10
 3.377361804457622e-10
 3.378218471835861e-10
 3.37907336221478e-10
 3.379926482828622e-10
 3.380777840867373e-10
 3.381627443476341e-10
 3.382475297757861e-10
 3.383321410770041e-10
 3.384165789528274e-10
 3.385008441004953e-10
 3.385849372130219e-10
 3.386688589791877e-10
 3.387526100836484e-10
 3.388361912068897e-10
 3.389196030252176e-10
 3.390028462109736e-10
 3.390859214324064e-10
 3.391688293536675e-10
 3.392515706351076e-10
 3.393341459329974e-10
 3.776064628306448e-10
