# Created by Octave 3.2.4, Fri Nov 22 17:10:21 2013 PST <jon@jon-Precision-T3600>
# name: T
# type: matrix
# rows: 1000
# columns: 1
 2000
 2013.013013013013
 2026.026026026026
 2039.039039039039
 2052.052052052052
 2065.065065065065
 2078.078078078078
 2091.091091091091
 2104.104104104104
 2117.117117117117
 2130.13013013013
 2143.143143143143
 2156.156156156156
 2169.169169169169
 2182.182182182182
 2195.195195195195
 2208.208208208208
 2221.221221221221
 2234.234234234234
 2247.247247247247
 2260.26026026026
 2273.273273273273
 2286.286286286286
 2299.299299299299
 2312.312312312312
 2325.325325325325
 2338.338338338338
 2351.351351351351
 2364.364364364365
 2377.377377377377
 2390.39039039039
 2403.403403403403
 2416.416416416416
 2429.42942942943
 2442.442442442442
 2455.455455455456
 2468.468468468468
 2481.481481481482
 2494.494494494495
 2507.507507507507
 2520.520520520521
 2533.533533533534
 2546.546546546547
 2559.55955955956
 2572.572572572572
 2585.585585585586
 2598.598598598599
 2611.611611611612
 2624.624624624625
 2637.637637637637
 2650.650650650651
 2663.663663663664
 2676.676676676677
 2689.68968968969
 2702.702702702702
 2715.715715715716
 2728.728728728729
 2741.741741741742
 2754.754754754755
 2767.767767767768
 2780.780780780781
 2793.793793793794
 2806.806806806807
 2819.81981981982
 2832.832832832833
 2845.845845845846
 2858.858858858859
 2871.871871871872
 2884.884884884885
 2897.897897897898
 2910.910910910911
 2923.923923923924
 2936.936936936937
 2949.94994994995
 2962.962962962963
 2975.975975975976
 2988.988988988989
 3002.002002002002
 3015.015015015015
 3028.028028028028
 3041.041041041041
 3054.054054054054
 3067.067067067067
 3080.08008008008
 3093.093093093093
 3106.106106106106
 3119.119119119119
 3132.132132132132
 3145.145145145145
 3158.158158158158
 3171.171171171171
 3184.184184184184
 3197.197197197197
 3210.21021021021
 3223.223223223224
 3236.236236236236
 3249.249249249249
 3262.262262262262
 3275.275275275275
 3288.288288288289
 3301.301301301301
 3314.314314314314
 3327.327327327327
 3340.34034034034
 3353.353353353354
 3366.366366366366
 3379.379379379379
 3392.392392392392
 3405.405405405405
 3418.418418418419
 3431.431431431432
 3444.444444444444
 3457.457457457458
 3470.47047047047
 3483.483483483484
 3496.496496496497
 3509.509509509509
 3522.522522522523
 3535.535535535536
 3548.548548548549
 3561.561561561562
 3574.574574574574
 3587.587587587588
 3600.600600600601
 3613.613613613614
 3626.626626626627
 3639.639639639639
 3652.652652652653
 3665.665665665666
 3678.678678678679
 3691.691691691692
 3704.704704704705
 3717.717717717718
 3730.730730730731
 3743.743743743744
 3756.756756756757
 3769.76976976977
 3782.782782782783
 3795.795795795796
 3808.808808808809
 3821.821821821822
 3834.834834834835
 3847.847847847848
 3860.860860860861
 3873.873873873874
 3886.886886886887
 3899.8998998999
 3912.912912912913
 3925.925925925926
 3938.938938938939
 3951.951951951952
 3964.964964964965
 3977.977977977978
 3990.990990990991
 4004.004004004004
 4017.017017017017
 4030.03003003003
 4043.043043043043
 4056.056056056056
 4069.069069069069
 4082.082082082082
 4095.095095095095
 4108.108108108108
 4121.121121121121
 4134.134134134134
 4147.147147147147
 4160.16016016016
 4173.173173173173
 4186.186186186186
 4199.1991991992
 4212.212212212213
 4225.225225225226
 4238.238238238238
 4251.251251251251
 4264.264264264264
 4277.277277277277
 4290.290290290291
 4303.303303303303
 4316.316316316316
 4329.32932932933
 4342.342342342343
 4355.355355355356
 4368.368368368368
 4381.381381381381
 4394.394394394394
 4407.407407407407
 4420.420420420421
 4433.433433433433
 4446.446446446447
 4459.45945945946
 4472.472472472473
 4485.485485485486
 4498.498498498499
 4511.511511511511
 4524.524524524524
 4537.537537537538
 4550.550550550551
 4563.563563563564
 4576.576576576577
 4589.58958958959
 4602.602602602603
 4615.615615615616
 4628.628628628629
 4641.641641641641
 4654.654654654654
 4667.667667667668
 4680.680680680681
 4693.693693693695
 4706.706706706707
 4719.71971971972
 4732.732732732733
 4745.745745745746
 4758.758758758759
 4771.771771771771
 4784.784784784784
 4797.797797797798
 4810.810810810811
 4823.823823823825
 4836.836836836837
 4849.84984984985
 4862.862862862863
 4875.875875875876
 4888.888888888889
 4901.901901901902
 4914.914914914915
 4927.927927927928
 4940.940940940941
 4953.953953953955
 4966.966966966967
 4979.97997997998
 4992.992992992993
 5006.006006006006
 5019.019019019019
 5032.032032032032
 5045.045045045045
 5058.058058058058
 5071.071071071072
 5084.084084084085
 5097.097097097098
 5110.11011011011
 5123.123123123123
 5136.136136136136
 5149.149149149149
 5162.162162162163
 5175.175175175175
 5188.188188188188
 5201.201201201202
 5214.214214214215
 5227.227227227228
 5240.24024024024
 5253.253253253253
 5266.266266266266
 5279.279279279279
 5292.292292292293
 5305.305305305305
 5318.318318318319
 5331.331331331332
 5344.344344344345
 5357.357357357358
 5370.37037037037
 5383.383383383383
 5396.396396396396
 5409.40940940941
 5422.422422422423
 5435.435435435435
 5448.448448448449
 5461.461461461462
 5474.474474474475
 5487.487487487488
 5500.5005005005
 5513.513513513513
 5526.526526526526
 5539.53953953954
 5552.552552552553
 5565.565565565566
 5578.578578578579
 5591.591591591592
 5604.604604604605
 5617.617617617618
 5630.630630630631
 5643.643643643643
 5656.656656656656
 5669.66966966967
 5682.682682682683
 5695.695695695696
 5708.708708708709
 5721.721721721722
 5734.734734734735
 5747.747747747748
 5760.760760760761
 5773.773773773773
 5786.786786786787
 5799.7997997998
 5812.812812812813
 5825.825825825827
 5838.838838838839
 5851.851851851852
 5864.864864864865
 5877.877877877878
 5890.890890890891
 5903.903903903903
 5916.916916916917
 5929.92992992993
 5942.942942942944
 5955.955955955957
 5968.968968968969
 5981.981981981982
 5994.994994994995
 6008.008008008008
 6021.021021021021
 6034.034034034034
 6047.047047047047
 6060.06006006006
 6073.073073073074
 6086.086086086087
 6099.099099099099
 6112.112112112112
 6125.125125125125
 6138.138138138138
 6151.151151151152
 6164.164164164165
 6177.177177177177
 6190.19019019019
 6203.203203203204
 6216.216216216217
 6229.22922922923
 6242.242242242242
 6255.255255255255
 6268.268268268269
 6281.281281281282
 6294.294294294295
 6307.307307307307
 6320.32032032032
 6333.333333333334
 6346.346346346347
 6359.35935935936
 6372.372372372372
 6385.385385385385
 6398.398398398399
 6411.411411411412
 6424.424424424425
 6437.437437437437
 6450.45045045045
 6463.463463463464
 6476.476476476477
 6489.48948948949
 6502.502502502502
 6515.515515515516
 6528.528528528529
 6541.541541541542
 6554.554554554555
 6567.567567567567
 6580.580580580581
 6593.593593593594
 6606.606606606607
 6619.61961961962
 6632.632632632633
 6645.645645645646
 6658.658658658659
 6671.671671671672
 6684.684684684685
 6697.697697697698
 6710.710710710711
 6723.723723723724
 6736.736736736737
 6749.74974974975
 6762.762762762763
 6775.775775775776
 6788.788788788789
 6801.801801801802
 6814.814814814815
 6827.827827827829
 6840.840840840841
 6853.853853853854
 6866.866866866867
 6879.87987987988
 6892.892892892894
 6905.905905905906
 6918.918918918919
 6931.931931931932
 6944.944944944945
 6957.957957957959
 6970.970970970971
 6983.983983983984
 6996.996996996997
 7010.01001001001
 7023.023023023024
 7036.036036036036
 7049.049049049049
 7062.062062062062
 7075.075075075076
 7088.088088088089
 7101.101101101101
 7114.114114114114
 7127.127127127127
 7140.140140140141
 7153.153153153154
 7166.166166166166
 7179.179179179179
 7192.192192192192
 7205.205205205206
 7218.218218218219
 7231.231231231232
 7244.244244244244
 7257.257257257257
 7270.270270270271
 7283.283283283284
 7296.296296296297
 7309.309309309309
 7322.322322322322
 7335.335335335336
 7348.348348348349
 7361.361361361362
 7374.374374374374
 7387.387387387388
 7400.400400400401
 7413.413413413414
