# Created by Octave 3.2.4, Fri Nov 22 17:10:21 2013 PST <jon@jon-Precision-T3600>
# name: Z
# type: matrix
# rows: 1000
# columns: 1
 1.761656669730271
 1.808656080506434
 1.808656080506434
 1.808656080506434
 1.808656080506435
 7.712826339714993e-12
 7.712826339715087e-12
 7.712826339715104e-12
 7.712826339715085e-12
 7.712826339715061e-12
 7.712826339715032e-12
 7.713019724769258e-12
 7.713019724769217e-12
 7.713019724769171e-12
 7.713019724769121e-12
 7.713019724769058e-12
 7.713019724768986e-12
 7.713019724768907e-12
 7.713019724768814e-12
 7.713019724768705e-12
 7.713019724768581e-12
 7.71301972476844e-12
 7.71301972476828e-12
 7.713019724768095e-12
 7.713019724767886e-12
 7.713019724767645e-12
 7.713019724767374e-12
 7.713019724767067e-12
 7.713019724766715e-12
 7.713019724766322e-12
 7.713019724765875e-12
 7.713019724765372e-12
 7.713019724764805e-12
 7.713019724764164e-12
 7.713019724763447e-12
 7.71301972476264e-12
 7.713019724761739e-12
 7.713019724760729e-12
 7.713019724759598e-12
 7.713019724758336e-12
 7.713019724756926e-12
 7.713019724755359e-12
 7.713019724753612e-12
 7.713019724751672e-12
 7.713019724749515e-12
 7.713019724747123e-12
 7.713019724744476e-12
 7.713019724741546e-12
 7.713019724738303e-12
 7.713019724734725e-12
 7.713019724730771e-12
 7.713019724726419e-12
 7.713019724721625e-12
 7.713019724716351e-12
 7.713019724710552e-12
 7.713019724704187e-12
 7.713019724697204e-12
 7.713019852343041e-12
 7.713019859071176e-12
 7.713019866544262e-12
 7.71301987431642e-12
 7.713019882416963e-12
 7.713019890853444e-12
 7.713019899634357e-12
 7.713019908768013e-12
 7.713019918262733e-12
 7.713019928126857e-12
 7.713019938368476e-12
 7.713019948995703e-12
 7.713019960016497e-12
 7.713019971438691e-12
 7.71301998326996e-12
 7.713019995517885e-12
 7.713020008189873e-12
 7.713020021293112e-12
 7.713020034834641e-12
 7.713020048821273e-12
 7.713020063815946e-12
 7.71302007871248e-12
 7.713020094073397e-12
 7.713020109904608e-12
 7.713020126211782e-12
 7.713020143000341e-12
 7.71302016027555e-12
 7.713020178042221e-12
 7.713020196305036e-12
 7.713020215068331e-12
 7.713020234336146e-12
 7.713020254112245e-12
 7.713020274400192e-12
 7.713020295203073e-12
 7.713020316523765e-12
 7.741177199441241e-12
 7.741177253801226e-12
 7.741177277596185e-12
 7.741177302432559e-12
 7.741177327836938e-12
 7.74117735381713e-12
 7.741177380374681e-12
 7.741177407510727e-12
 7.741177435226297e-12
 7.741177463522062e-12
 7.741177492398275e-12
 7.741177521855198e-12
 7.741177551892602e-12
 7.741177582510108e-12
 7.741177613706965e-12
 7.741177645482355e-12
 7.741177677835182e-12
 7.741177710764089e-12
 7.741177744267587e-12
 7.741177778343869e-12
 7.741177812991093e-12
 7.741177848207311e-12
 7.741177883990063e-12
 7.741177920337244e-12
 7.741177957246191e-12
 7.741177994714425e-12
 7.741178032739111e-12
 7.750022413957279e-12
 7.750022474981377e-12
 7.750022515457008e-12
 7.750022556551186e-12
 7.750022598203709e-12
 7.750022640411179e-12
 7.750022683170527e-12
 7.750022726478393e-12
 7.750022770331407e-12
 7.750022814726312e-12
 7.750022859659743e-12
 7.750022905128146e-12
 7.750022951128322e-12
 7.750022997656808e-12
 7.750023044710102e-12
 7.750023092284954e-12
 7.750023140377808e-12
 7.750023188985432e-12
 7.750023238104307e-12
 7.75002328773117e-12
 7.750023337862467e-12
 7.750023388495006e-12
 7.750023439625323e-12
 7.750023491250078e-12
 7.750023543366006e-12
 7.750023595969388e-12
 7.750023649057145e-12
 7.750023702625943e-12
 7.75002375667211e-12
 7.750023811192322e-12
 7.75002386618339e-12
 7.750023921641418e-12
 7.750023977563178e-12
 7.750024033945171e-12
 7.750024090783457e-12
 7.750024148074739e-12
 7.750024205815493e-12
 7.75002426400141e-12
 7.750024322629403e-12
 7.750024381695009e-12
 8.045002779778171e-12
 8.045002776961289e-12
 8.04500277279574e-12
 8.0450027684645e-12
 8.045002763962162e-12
 8.045002759283175e-12
 8.045002754421862e-12
 8.045002749372397e-12
 8.045002744128814e-12
 8.045002738685012e-12
 8.045002733034743e-12
 8.045002727171603e-12
 8.045002721089044e-12
 8.04500629104455e-12
 8.045006410987065e-12
 8.045006532821474e-12
 8.045006655937574e-12
 8.045006778896366e-12
 8.045006903530293e-12
 8.045007028120665e-12
 8.045007153891564e-12
 8.045007280424297e-12
 8.045007407705662e-12
 8.045007535729415e-12
 8.045007664787045e-12
 8.045007793964599e-12
 8.045007924156e-12
 8.045008055052595e-12
 8.045008186642862e-12
 8.045008318916656e-12
 8.045008451865987e-12
 8.045008585479159e-12
 8.045008719744717e-12
 8.045008854654495e-12
 8.045008990195541e-12
 8.045009126358343e-12
 8.045009263132229e-12
 8.04500940050587e-12
 8.045009538468193e-12
 8.045009677008389e-12
 8.045009816113634e-12
 8.045009955772647e-12
 8.045010095973975e-12
 8.045010236705355e-12
 8.045010377954584e-12
 8.045010519708587e-12
 8.045010661955175e-12
 8.045010804680848e-12
 8.045010947872666e-12
 8.045011091517547e-12
 8.045011235602115e-12
 8.045011380111956e-12
 8.045011525033167e-12
 8.045011670351401e-12
 8.045011816052437e-12
 8.045011962121116e-12
 8.045012108542453e-12
 8.045012255301388e-12
 8.045012402382171e-12
 8.045012549769396e-12
 8.045012697446554e-12
 8.045012845397377e-12
 8.045012993605961e-12
 8.045013142054602e-12
 8.045013290726768e-12
 8.045013439604756e-12
 8.045013588670984e-12
 8.045013737907445e-12
 8.045013887296191e-12
 8.045014036818529e-12
 8.045014186455877e-12
 8.045014336188888e-12
 8.045014485998071e-12
 8.045014635864416e-12
 8.045014785767427e-12
 8.045014935687133e-12
 8.045015085602786e-12
 8.045015235493516e-12
 8.045015385338539e-12
 8.045015535116259e-12
 8.045015684804903e-12
 8.045015834382663e-12
 8.045015983826558e-12
 8.045016133115007e-12
 8.045016282223741e-12
 8.045016431130738e-12
 8.045016579811536e-12
 8.045016728242786e-12
 8.045016876400072e-12
 8.045017024258879e-12
 8.045017171794542e-12
 8.045017318981868e-12
 8.045017465795209e-12
 8.045017612208971e-12
 8.045017758196389e-12
 8.045017903732491e-12
 8.045018048789194e-12
 8.045018193340313e-12
 8.045018337358107e-12
 8.880511420146414e-12
 8.880528992183448e-12
 8.880529352786965e-12
 8.880529713522698e-12
 8.880530074226605e-12
 8.880530434863938e-12
 8.880530795399947e-12
 8.880531155798559e-12
 8.880531516021059e-12
 8.880531876028501e-12
 8.880532235784637e-12
 8.88053259525304e-12
 8.880532954391109e-12
 8.880533313164182e-12
 8.880533671529205e-12
 8.880534029447601e-12
 8.880534386878583e-12
 8.880534743782724e-12
 8.88053510011791e-12
 8.880535455845708e-12
 8.88053581091981e-12
 8.88053616530316e-12
 8.880536518948719e-12
 8.880536871814962e-12
 8.880537223860024e-12
 8.880537575037572e-12
 8.880537925308293e-12
 8.880538274625323e-12
 8.880538622941357e-12
 8.880538970211215e-12
 8.880539316392697e-12
 8.880539661437598e-12
 8.880540005300151e-12
 8.880540347933565e-12
 8.880540689289302e-12
 8.880541029320614e-12
 8.880541367979515e-12
 8.880541705216595e-12
 8.880542040984604e-12
 8.880542375233042e-12
 8.880542707912499e-12
 8.880543038973031e-12
 8.880543368363629e-12
 8.880543696033798e-12
 8.880544021931938e-12
 8.880544346007314e-12
 8.880544668207042e-12
 8.88054498847835e-12
 8.880545306769823e-12
 8.880545623026299e-12
 8.880545937194759e-12
 8.880546249221766e-12
 8.880546559051698e-12
 8.880546866630303e-12
 8.880547171902512e-12
 8.880547474811625e-12
 8.880547775303042e-12
 8.88054807331897e-12
 8.880548368802834e-12
 8.880548661697865e-12
 8.880548951946055e-12
 8.880549239489171e-12
 8.880549524268632e-12
 8.880549806225909e-12
 8.880550085302038e-12
 8.880550361436984e-12
 8.880550634570381e-12
 8.88055090464229e-12
 8.880551171591812e-12
 8.880551435357915e-12
 8.880551695878317e-12
 8.880551953091972e-12
 8.880552206935853e-12
 8.880552457347538e-12
 8.880552704263572e-12
 8.880552947620636e-12
 8.880553187354435e-12
 8.880553423401472e-12
 8.880553655697159e-12
 8.880553884175338e-12
 8.880554108771466e-12
 8.880554329419875e-12
 8.880554546052926e-12
 8.880554758606011e-12
 8.880554967011644e-12
 9.801741130411324e-12
